LIDARPINEMCAREFUL: 46.246079, 13.764118
LIDARPINEM1: 46.246990, 13.762870
LIDARPINEM2: 46.247013, 13.762887 
LIDARPINEM3: 46.246825, 13.762932
LIDARLPOVERHANG: 46.248016, 13.766849
LIDARV11good: 46.257365, 13.757754
LIDARHUGECAVEvgood: 46.260002, 13.754122 
LIDARPINESrift1: 46.253943, 13.770508 
LIDARPINESrift2good: 46.254057, 13.770531
LIDARPINESrift3: 46.254081, 13.770723 
LIDARPINESgood: 46.249173, 13.767329
LIDARPINESbad: 46.2498, 13.7686
LIDARPINES2bad: 46.245970, 13.770169
LIDARS1good: 46.254661, 13.773137
LIDARS2: 46.254388, 13.773737
LIDARS3: 46.253063, 13.772763
LIDARS4: 46.253573, 13.771093
LIDARK1: 46.258492, 13.768984
LIDARK2: 46.258724, 13.767605
LIDARK3: 46.2586, 13.7674
LIDARK4: 46.259326, 13.766954
LIDARridgeSUS: 46.260915, 13.764022
LIDARkukface: 46.261037, 13.759349
LIDARkukface: 46.261337, 13.759891
LIDARN3: 46.262785, 13.760657 
LIDARN4: 46.2632, 13.7607
LIDARN5: 46.2634, 13.7606
LIDARN6: 46.263973, 13.761973
LIDARN7: 46.262853, 13.757120
LIDARN8: 46.263115, 13.757348
LIDARN9: 46.262546, 13.757257
LIDARN10: 46.262133, 13.757699
LIDARN11: 46.262212, 13.757993
SKRprobshadow: 46.2502, 13.7761
GORGE: 46.2478, 13.7487
